86 43000.000000
96 43000.000000
105 40850.000000
94 38807.500000
95 36867.125000
97 35023.768750
86 33272.580312
98 31608.951297
79 30028.503732
92 28527.078545
92 27100.724618
102 25745.688387
89 24458.403968
87 23235.483769
89 22073.709581
103 20970.024102
93 19921.522897
98 18925.446752
89 17979.174414
94 17080.215694
92 16226.204909
87 15414.894664
106 14644.149930
104 13911.942434
79 13216.345312
97 12555.528047
108 11927.751644
104 11331.364062
98 10764.795859
93 10226.556066
103 9715.228263
91 9229.466850
78 8767.993507
90 8329.593832
95 7913.114140
82 7517.458433
98 7141.585511
100 6784.506236
94 6445.280924
95 6123.016878
102 5816.866034
87 5526.022732
87 5249.721596
106 4987.235516
108 4737.873740
112 4500.980053
96 4275.931050
102 4062.134498
83 3859.027773
71 3666.076384
84 3482.772565
83 3308.633937
79 3143.202240
113 2986.042128
98 2836.740022
86 2694.903021
89 2560.157870
90 2432.149976
83 2310.542477
87 2195.015353
108 2085.264586
95 1981.001356
88 1881.951289
93 1787.853724
79 1698.461038
70 1613.537986
106 1532.861087
99 1456.218032
78 1383.407131
91 1314.236774
96 1248.524936
92 1186.098689
86 1126.793754
98 1070.454067
89 1016.931363
84 966.084795
99 917.780555
93 871.891528
83 828.296951
87 786.882104
86 747.537998
100 710.161099
81 674.653044
84 640.920391
81 608.874372
92 578.430653
80 549.509121
91 522.033665
98 495.931981
90 471.135382
91 447.578613
104 425.199683
83 403.939698
87 383.742713
92 364.555578
91 346.327799
102 329.011409
94 312.560839
83 296.932797
90 282.086157
83 267.981849
87 254.582756
88 241.853619
92 229.760938
88 218.272891
80 207.359246
100 196.991284
87 187.141720
82 177.784634
96 168.895402
79 160.450632
92 152.428100
100 144.806695
93 137.566361
88 130.688043
83 124.153640
90 117.945958
86 112.048661
77 106.446227
82 101.123916
93 96.067720
86 91.264334
86 86.701118
71 82.366062
100 78.247759
101 74.335371
101 70.618602
102 67.087672
84 63.733288
78 60.546624
91 57.519293
73 54.643328
99 51.911162
82 49.315604
81 46.849823
89 44.507332
82 42.281966
81 40.167867
71 38.159474
95 36.251500
83 34.438925
85 32.716979
94 31.081130
84 29.527074
82 28.050720
112 26.648184
98 25.315775
89 24.049986
83 22.847487
99 21.705112
99 20.619857
85 19.588864
83 18.609421
84 17.678950
67 16.795002
89 15.955252
91 15.157489
99 14.399615
85 13.679634
95 12.995653
93 12.345870
83 11.728576
77 11.142148
76 10.585040
87 10.055788
77 9.552999
95 9.075349
89 8.621581
94 8.190502
80 7.780977
79 7.391928
81 7.022332
77 6.671215
85 6.337655
72 6.020772
80 5.719733
73 5.433747
89 5.162059
74 4.903956
77 4.658758
76 4.425821
80 4.204530
71 3.994303
89 3.794588
84 3.604859
72 3.424616
76 3.253385
69 3.090716
67 2.936180
59 2.789371
76 2.649902
68 2.517407
75 2.391537
60 2.271960
64 2.158362
67 2.050444
66 1.947922
65 1.850526
66 1.757999
54 1.670099
66 1.586594
61 1.507265
61 1.431901
62 1.360306
52 1.292291
61 1.227676
50 1.166293
56 1.107978
53 1.052579
51 0.999950
51 0.949953
50 0.902455
49 0.857332
50 0.814466
53 0.773742
50 0.735055
51 0.698302
51 0.663387
44 0.630218
42 0.598707
41 0.568772
41 0.540333
40 0.513317
40 0.487651
42 0.463268
42 0.440105
43 0.418099
44 0.397195
40 0.377335
41 0.358468
41 0.340545
38 0.323517
37 0.307342
38 0.291974
37 0.277376
37 0.263507
37 0.250332
38 0.237815
39 0.225924
39 0.214628
38 0.203897
38 0.193702
38 0.184017
38 0.174816
38 0.166075
38 0.157771
37 0.149883
35 0.142389
35 0.135269
35 0.128506
35 0.122080
35 0.115976
35 0.110178
35 0.104669
35 0.099435
35 0.094464
35 0.089740
35 0.085253
35 0.080991
35 0.076941
35 0.073094
35 0.069439
35 0.065967
35 0.062669
35 0.059536
35 0.056559
35 0.053731
35 0.051044
35 0.048492
35 0.046068
35 0.043764
35 0.041576
35 0.039497
35 0.037522
35 0.035646
35 0.033864
35 0.032171
35 0.030562
35 0.029034
35 0.027582
35 0.026203
35 0.024893
35 0.023648
35 0.022466
35 0.021343
35 0.020276
35 0.019262
35 0.018299
35 0.017384
35 0.016515
35 0.015689
35 0.014904
35 0.014159
35 0.013451
35 0.012779
35 0.012140
35 0.011533
35 0.010956
35 0.010408
35 0.009888
35 0.009393
35 0.008924
35 0.008478
35 0.008054
35 0.007651
35 0.007268
35 0.006905
35 0.006560
35 0.006232
35 0.005920
35 0.005624
35 0.005343
35 0.005076
35 0.004822
35 0.004581
35 0.004352
35 0.004134
35 0.003928
35 0.003731
35 0.003545
35 0.003367
35 0.003199
35 0.003039
35 0.002887
35 0.002743
35 0.002606
35 0.002475
35 0.002352
35 0.002234
35 0.002122
35 0.002016
35 0.001915
35 0.001820
35 0.001729
35 0.001642
35 0.001560
35 0.001482
35 0.001408
35 0.001338
35 0.001271
35 0.001207
35 0.001147
35 0.001089
35 0.001035
35 0.000983
35 0.000934
35 0.000887
35 0.000843
35 0.000801
35 0.000761
35 0.000723
35 0.000687
35 0.000652
35 0.000620
35 0.000589
35 0.000559
35 0.000531
35 0.000505
35 0.000480
35 0.000456
35 0.000433
35 0.000411
35 0.000391
35 0.000371
35 0.000352
35 0.000335
35 0.000318
35 0.000302
35 0.000287
35 0.000273
35 0.000259
35 0.000246
35 0.000234
35 0.000222
35 0.000211
35 0.000200
35 0.000190
35 0.000181
35 0.000172
35 0.000163
35 0.000155
35 0.000147
35 0.000140
35 0.000133
35 0.000126
35 0.000120
35 0.000114
35 0.000108
35 0.000103
35 0.000098
35 0.000093
35 0.000088
35 0.000084
35 0.000080
35 0.000076
35 0.000072
35 0.000068
35 0.000065
35 0.000062
35 0.000059
35 0.000056
35 0.000053
35 0.000050
35 0.000048
35 0.000045
35 0.000043
35 0.000041
35 0.000039
35 0.000037
35 0.000035
35 0.000033
35 0.000032
35 0.000030
35 0.000029
35 0.000027
