171 85500.000000
168 85500.000000
159 81225.000000
154 77163.750000
156 73305.562500
183 69640.284375
163 66158.270156
180 62850.356648
140 59707.838816
169 56722.446875
181 53886.324531
208 51192.008305
148 48632.407890
178 46200.787495
167 43890.748120
170 41696.210714
171 39611.400179
176 37630.830170
155 35749.288661
173 33961.824228
183 32263.733017
177 30650.546366
164 29118.019048
176 27662.118095
174 26279.012190
174 24965.061581
183 23716.808502
166 22530.968077
167 21404.419673
189 20334.198689
191 19317.488755
182 18351.614317
162 17434.033601
176 16562.331921
164 15734.215325
168 14947.504559
179 14200.129331
139 13490.122864
176 12815.616721
188 12174.835885
175 11566.094091
144 10987.789386
156 10438.399917
186 9916.479921
183 9420.655925
159 8949.623129
171 8502.141972
191 8077.034874
161 7673.183130
160 7289.523974
189 6925.047775
173 6578.795386
178 6249.855617
167 5937.362836
164 5640.494694
168 5358.469959
170 5090.546462
174 4836.019138
184 4594.218182
170 4364.507272
171 4146.281909
167 3938.967813
178 3742.019423
154 3554.918452
155 3377.172529
188 3208.313903
167 3047.898207
186 2895.503297
167 2750.728132
185 2613.191726
168 2482.532139
156 2358.405532
220 2240.485256
180 2128.460993
156 2022.037943
188 1920.936046
184 1824.889244
183 1733.644782
191 1646.962543
155 1564.614415
146 1486.383695
153 1412.064510
212 1341.461284
155 1274.388220
178 1210.668809
179 1150.135369
169 1092.628600
178 1037.997170
170 986.097312
170 936.792446
173 889.952824
160 845.455183
179 803.182424
199 763.023302
188 724.872137
180 688.628530
183 654.197104
171 621.487249
159 590.412886
172 560.892242
156 532.847630
177 506.205248
161 480.894986
161 456.850237
173 434.007725
167 412.307339
172 391.691972
192 372.107373
192 353.502004
176 335.826904
166 319.035559
182 303.083781
172 287.929592
163 273.533112
178 259.856457
179 246.863634
165 234.520452
210 222.794430
173 211.654708
160 201.071973
174 191.018374
186 181.467455
185 172.394083
177 163.774378
174 155.585660
147 147.806377
156 140.416058
167 133.395255
171 126.725492
196 120.389218
187 114.369757
156 108.651269
166 103.218705
175 98.057770
182 93.154882
178 88.497138
161 84.072281
168 79.868667
152 75.875233
171 72.081472
166 68.477398
161 65.053528
179 61.800852
159 58.710809
168 55.775269
136 52.986505
158 50.337180
172 47.820321
149 45.429305
176 43.157840
170 40.999948
164 38.949950
157 37.002453
178 35.152330
164 33.394714
180 31.724978
175 30.138729
158 28.631793
158 27.200203
176 25.840193
180 24.548183
173 23.320774
170 22.154735
163 21.046999
153 19.994649
182 18.994916
184 18.045170
141 17.142912
152 16.285766
173 15.471478
181 14.697904
167 13.963009
172 13.264858
152 12.601616
159 11.971535
173 11.372958
180 10.804310
141 10.264095
153 9.750890
152 9.263345
168 8.800178
178 8.360169
151 7.942161
157 7.545053
169 7.167800
163 6.809410
120 6.468940
145 6.145493
147 5.838218
135 5.546307
155 5.268992
153 5.005542
157 4.755265
157 4.517502
139 4.291627
143 4.077045
134 3.873193
115 3.679533
137 3.495557
115 3.320779
126 3.154740
124 2.997003
119 2.847153
131 2.704795
121 2.569555
114 2.441078
124 2.319024
125 2.203073
115 2.092919
115 1.988273
117 1.888859
116 1.794416
107 1.704696
92 1.619461
110 1.538488
110 1.461563
111 1.388485
101 1.319061
96 1.253108
94 1.190452
96 1.130930
94 1.074383
103 1.020664
91 0.969631
90 0.921149
92 0.875092
87 0.831337
87 0.789771
84 0.750282
81 0.712768
83 0.677129
87 0.643273
80 0.611109
78 0.580554
75 0.551526
77 0.523950
74 0.497752
72 0.472865
75 0.449222
72 0.426760
70 0.405422
72 0.385151
71 0.365894
70 0.347599
70 0.330219
69 0.313708
70 0.298023
68 0.283122
68 0.268966
68 0.255517
67 0.242741
67 0.230604
67 0.219074
68 0.208120
67 0.197714
67 0.187829
67 0.178437
67 0.169515
67 0.161040
67 0.152988
67 0.145338
67 0.138071
67 0.131168
67 0.124609
66 0.118379
65 0.112460
65 0.106837
65 0.101495
65 0.096420
65 0.091599
65 0.087019
65 0.082668
65 0.078535
65 0.074608
65 0.070878
65 0.067334
65 0.063967
65 0.060769
65 0.057730
65 0.054844
65 0.052102
65 0.049497
65 0.047022
65 0.044671
65 0.042437
65 0.040315
65 0.038300
65 0.036385
65 0.034565
65 0.032837
65 0.031195
65 0.029635
65 0.028154
65 0.026746
65 0.025409
65 0.024138
65 0.022931
65 0.021785
65 0.020696
65 0.019661
65 0.018678
65 0.017744
65 0.016857
65 0.016014
65 0.015213
65 0.014452
65 0.013730
65 0.013043
65 0.012391
65 0.011772
65 0.011183
65 0.010624
65 0.010093
65 0.009588
65 0.009109
65 0.008653
65 0.008221
65 0.007810
65 0.007419
65 0.007048
65 0.006696
65 0.006361
65 0.006043
65 0.005741
65 0.005454
65 0.005181
65 0.004922
65 0.004676
65 0.004442
65 0.004220
65 0.004009
65 0.003809
65 0.003618
65 0.003437
65 0.003265
65 0.003102
65 0.002947
65 0.002800
65 0.002660
65 0.002527
65 0.002400
65 0.002280
65 0.002166
65 0.002058
65 0.001955
65 0.001857
65 0.001764
65 0.001676
65 0.001592
65 0.001513
65 0.001437
65 0.001365
65 0.001297
65 0.001232
65 0.001171
65 0.001112
65 0.001056
65 0.001004
65 0.000953
65 0.000906
65 0.000860
65 0.000817
65 0.000777
65 0.000738
65 0.000701
65 0.000666
65 0.000633
65 0.000601
65 0.000571
65 0.000542
65 0.000515
65 0.000489
65 0.000465
65 0.000442
65 0.000420
65 0.000399
65 0.000379
65 0.000360
65 0.000342
65 0.000325
65 0.000308
65 0.000293
65 0.000278
65 0.000264
65 0.000251
65 0.000239
65 0.000227
65 0.000215
65 0.000205
65 0.000194
65 0.000185
65 0.000175
65 0.000167
65 0.000158
65 0.000150
65 0.000143
65 0.000136
65 0.000129
65 0.000123
65 0.000116
65 0.000111
65 0.000105
65 0.000100
65 0.000095
65 0.000090
65 0.000086
65 0.000081
65 0.000077
65 0.000073
65 0.000070
65 0.000066
65 0.000063
65 0.000060
65 0.000057
65 0.000054
65 0.000051
65 0.000049
65 0.000046
65 0.000044
65 0.000042
65 0.000040
65 0.000038
65 0.000036
65 0.000034
65 0.000032
65 0.000031
65 0.000029
65 0.000028
65 0.000026
65 0.000025
