3914 1957000.000000
3761 1957000.000000
3930 1859150.000000
3921 1766192.500000
3879 1677882.875000
3877 1593988.731250
4118 1514289.294687
3973 1438574.829953
3767 1366646.088455
3750 1298313.784033
4043 1233398.094831
3917 1171728.190090
3933 1113141.780585
3775 1057484.691556
4037 1004610.456978
3863 954379.934129
3818 906660.937423
3962 861327.890552
3923 818261.496024
4010 777348.421223
3960 738481.000162
3901 701556.950154
3992 666479.102646
3914 633155.147514
3953 601497.390138
3977 571422.520631
3803 542851.394599
3951 515708.824869
3830 489923.383626
3943 465427.214445
4051 442155.853722
3937 420048.061036
4006 399045.657985
3886 379093.375085
3984 360138.706331
3895 342131.771014
3860 325025.182464
3866 308773.923341
3757 293335.227174
3913 278668.465815
3794 264735.042524
3842 251498.290398
3945 238923.375878
3891 226977.207084
3894 215628.346730
3863 204846.929393
3941 194604.582924
3912 184874.353778
3877 175630.636089
3969 166849.104284
3854 158506.649070
3975 150581.316617
3886 143052.250786
3803 135899.638246
4026 129104.656334
3966 122649.423517
4049 116516.952342
3992 110691.104724
3977 105156.549488
3918 99898.722014
3864 94903.785913
3851 90158.596617
4020 85650.666787
3846 81368.133447
3953 77299.726775
3917 73434.740436
3887 69763.003414
3952 66274.853244
3742 62961.110581
3751 59813.055052
3959 56822.402300
3840 53981.282185
3692 51282.218076
3747 48718.107172
3986 46282.201813
3779 43968.091723
3804 41769.687136
3942 39681.202780
3858 37697.142641
3878 35812.285509
3939 34021.671233
3912 32320.587671
4027 30704.558288
3989 29169.330374
3789 27710.863855
4076 26325.320662
3933 25009.054629
3881 23758.601898
3993 22570.671803
3893 21442.138213
4005 20370.031302
3840 19351.529737
3933 18383.953250
3931 17464.755587
3885 16591.517808
3900 15761.941918
3969 14973.844822
4030 14225.152581
3791 13513.894952
4009 12838.200204
4041 12196.290194
3765 11586.475684
4012 11007.151900
3882 10456.794305
3842 9933.954590
3889 9437.256860
3863 8965.394017
3986 8517.124316
4076 8091.268101
3973 7686.704696
4037 7302.369461
3762 6937.250988
3891 6590.388438
3944 6260.869016
3983 5947.825566
3881 5650.434287
3940 5367.912573
4022 5099.516944
3907 4844.541097
3901 4602.314042
3918 4372.198340
3730 4153.588423
3922 3945.909002
3926 3748.613552
4071 3561.182874
3798 3383.123731
3786 3213.967544
3977 3053.269167
3852 2900.605708
3819 2755.575423
3848 2617.796652
3767 2486.906819
3768 2362.561478
3987 2244.433404
3855 2132.211734
3919 2025.601147
3963 1924.321090
3897 1828.105036
3881 1736.699784
3911 1649.864795
3888 1567.371555
3786 1489.002977
3909 1414.552828
3882 1343.825187
3797 1276.633928
3992 1212.802231
3648 1152.162120
3977 1094.554014
3822 1039.826313
3819 987.834997
3957 938.443247
4007 891.521085
3957 846.945031
4082 804.597779
3920 764.367890
3777 726.149496
3863 689.842021
3951 655.349920
3968 622.582424
3827 591.453303
3987 561.880638
3924 533.786606
3905 507.097275
4009 481.742412
3904 457.655291
3988 434.772527
3971 413.033900
3957 392.382205
3931 372.763095
3998 354.124940
3804 336.418693
3926 319.597759
3957 303.617871
4123 288.436977
3962 274.015128
3915 260.314372
3804 247.298653
3894 234.933721
3785 223.187035
3815 212.027683
3922 201.426299
3946 191.354984
3897 181.787235
3796 172.697873
3874 164.062979
3955 155.859830
3833 148.066839
3995 140.663497
3846 133.630322
3895 126.948806
3863 120.601366
3838 114.571297
3880 108.842732
3901 103.400596
3786 98.230566
3684 93.319038
3894 88.653086
3912 84.220432
3841 80.009410
3716 76.008939
3766 72.208492
3886 68.598068
3841 65.168164
3767 61.909756
3652 58.814268
3776 55.873555
3734 53.079877
3780 50.425883
3861 47.904589
3857 45.509360
3805 43.233892
3655 41.072197
3753 39.018587
3553 37.067658
3665 35.214275
3727 33.453561
3844 31.780883
3762 30.191839
3621 28.682247
3666 27.248135
3615 25.885728
3551 24.591442
3644 23.361870
3458 22.193776
3673 21.084087
3486 20.029883
3584 19.028389
3629 18.076969
3507 17.173121
3494 16.314465
3275 15.498742
3217 14.723804
3313 13.987614
3366 13.288234
3201 12.623822
3323 11.992631
3357 11.392999
3331 10.823349
3231 10.282182
3188 9.768073
3246 9.279669
3203 8.815686
3185 8.374901
3034 7.956156
3118 7.558348
3051 7.180431
2828 6.821409
2721 6.480339
2761 6.156322
2782 5.848506
2499 5.556081
2446 5.278277
2458 5.014363
2388 4.763645
2335 4.525462
2250 4.299189
2371 4.084230
2167 3.880018
2222 3.686017
2005 3.501717
2073 3.326631
2050 3.160299
1957 3.002284
1857 2.852170
1829 2.709562
1766 2.574083
1698 2.445379
1700 2.323110
1663 2.206955
1634 2.096607
1601 1.991777
1615 1.892188
1584 1.797578
1523 1.707700
1482 1.622315
1470 1.541199
1427 1.464139
1405 1.390932
1371 1.321385
1401 1.255316
1375 1.192550
1346 1.132923
1323 1.076277
1320 1.022463
1326 0.971340
1272 0.922773
1230 0.876634
1226 0.832802
1221 0.791162
1201 0.751604
1183 0.714024
1175 0.678323
1156 0.644407
1143 0.612186
1137 0.581577
1128 0.552498
1128 0.524873
1131 0.498630
1119 0.473698
1106 0.450013
1102 0.427512
1097 0.406137
1092 0.385830
1085 0.366539
1078 0.348212
1072 0.330801
1068 0.314261
1065 0.298548
1063 0.283621
1062 0.269439
1058 0.255968
1057 0.243169
1057 0.231011
1056 0.219460
1053 0.208487
1053 0.198063
1051 0.188160
1046 0.178752
1043 0.169814
1038 0.161323
1038 0.153257
1035 0.145594
1034 0.138315
1033 0.131399
1031 0.124829
1030 0.118588
1028 0.112658
1027 0.107025
1026 0.101674
1025 0.096590
1024 0.091761
1023 0.087173
1023 0.082814
1022 0.078673
1022 0.074740
1020 0.071003
1020 0.067453
1020 0.064080
1020 0.060876
1020 0.057832
1019 0.054941
1019 0.052194
1019 0.049584
1018 0.047105
1018 0.044749
1018 0.042512
1017 0.040386
1017 0.038367
1017 0.036449
1017 0.034626
1016 0.032895
1015 0.031250
1015 0.029688
1015 0.028203
1015 0.026793
1015 0.025453
1015 0.024181
1015 0.022972
1015 0.021823
1015 0.020732
1014 0.019695
1014 0.018711
1014 0.017775
1014 0.016886
1014 0.016042
1013 0.015240
1013 0.014478
1012 0.013754
1012 0.013066
1012 0.012413
1012 0.011792
1012 0.011203
1012 0.010643
1012 0.010110
1012 0.009605
1012 0.009125
1012 0.008668
1012 0.008235
1012 0.007823
1012 0.007432
1011 0.007061
1011 0.006708
1011 0.006372
1009 0.006054
1008 0.005751
1008 0.005463
1008 0.005190
1008 0.004931
1008 0.004684
1008 0.004450
1008 0.004227
1008 0.004016
1008 0.003815
1008 0.003624
1008 0.003443
1008 0.003271
1008 0.003108
1007 0.002952
1007 0.002805
1007 0.002664
1007 0.002531
1007 0.002405
1006 0.002284
1005 0.002170
1005 0.002062
1004 0.001959
1004 0.001861
1004 0.001768
1004 0.001679
1004 0.001595
1002 0.001515
1002 0.001440
1002 0.001368
1002 0.001299
1002 0.001234
1002 0.001173
1002 0.001114
1002 0.001058
1001 0.001005
1001 0.000955
1000 0.000907
1000 0.000862
1000 0.000819
1000 0.000778
999 0.000739
999 0.000702
999 0.000667
999 0.000634
999 0.000602
999 0.000572
999 0.000543
999 0.000516
999 0.000490
999 0.000466
999 0.000442
999 0.000420
999 0.000399
999 0.000379
999 0.000360
999 0.000342
998 0.000325
998 0.000309
998 0.000294
998 0.000279
998 0.000265
998 0.000252
998 0.000239
998 0.000227
998 0.000216
998 0.000205
998 0.000195
998 0.000185
998 0.000176
998 0.000167
997 0.000159
997 0.000151
997 0.000143
997 0.000136
997 0.000129
997 0.000123
997 0.000117
997 0.000111
997 0.000105
997 0.000100
997 0.000095
997 0.000090
997 0.000086
