3746 1873000.000000
3659 1873000.000000
3491 1779350.000000
3502 1690382.500000
3608 1605863.375000
3813 1525570.206250
3614 1449291.695937
3608 1376827.111141
3814 1307985.755584
3405 1242586.467804
3728 1180457.144414
3697 1121434.287193
3616 1065362.572834
3779 1012094.444192
3444 961489.721983
3692 913415.235883
3601 867744.474089
3414 824357.250385
3551 783139.387866
3623 743982.418472
3765 706783.297549
3625 671444.132671
3731 637871.926038
3482 605978.329736
3764 575679.413249
3818 546895.442587
3691 519550.670457
3724 493573.136934
3622 468894.480088
3538 445449.756083
3710 423177.268279
3446 402018.404865
3781 381917.484622
3424 362821.610391
3569 344680.529871
3592 327446.503378
3629 311074.178209
3664 295520.469298
3526 280744.445833
3768 266707.223542
3498 253371.862365
3529 240703.269246
3695 228668.105784
3649 217234.700495
3687 206372.965470
3688 196054.317197
3666 186251.601337
3533 176939.021270
3751 168092.070206
3674 159687.466696
3704 151703.093361
3651 144117.938693
3600 136912.041759
3620 130066.439671
3678 123563.117687
3665 117384.961803
3535 111515.713713
3590 105939.928027
3772 100642.931626
3526 95610.785044
3500 90830.245792
3598 86288.733503
3607 81974.296827
3543 77875.581986
3601 73981.802887
3646 70282.712742
3645 66768.577105
3704 63430.148250
3466 60258.640838
3679 57245.708796
3619 54383.423356
3646 51664.252188
3635 49081.039579
3500 46626.987600
3547 44295.638220
3498 42080.856309
3719 39976.813493
3767 37977.972819
3663 36079.074178
3569 34275.120469
3625 32561.364445
3384 30933.296223
3778 29386.631412
3522 27917.299841
3549 26521.434849
3644 25195.363107
3555 23935.594951
3560 22738.815204
3565 21601.874444
3569 20521.780722
3651 19495.691685
3724 18520.907101
3591 17594.861746
3427 16715.118659
3648 15879.362726
3639 15085.394590
3485 14331.124860
3760 13614.568617
3742 12933.840186
3741 12287.148177
3581 11672.790768
3599 11089.151230
3650 10534.693668
3785 10007.958985
3563 9507.561036
3362 9032.182984
3360 8580.573835
3571 8151.545143
3577 7743.967886
3686 7356.769491
3591 6988.931017
3625 6639.484466
3698 6307.510243
3495 5992.134731
3938 5692.527994
3638 5407.901594
3621 5137.506515
3581 4880.631189
3687 4636.599629
3505 4404.769648
3575 4184.531166
3676 3975.304607
3724 3776.539377
3460 3587.712408
3539 3408.326788
3590 3237.910448
3650 3076.014926
3480 2922.214180
3586 2776.103471
3493 2637.298297
3715 2505.433382
3482 2380.161713
3656 2261.153627
3585 2148.095946
3629 2040.691149
3678 1938.656591
3770 1841.723762
3642 1749.637574
3675 1662.155695
3709 1579.047910
3462 1500.095515
3520 1425.090739
3670 1353.836202
3603 1286.144392
3507 1221.837172
3527 1160.745314
3523 1102.708048
3592 1047.572646
3432 995.194013
3436 945.434313
3496 898.162597
3595 853.254467
3724 810.591744
3465 770.062157
3775 731.559049
3670 694.981096
3494 660.232042
3670 627.220439
3615 595.859418
3695 566.066447
3679 537.763124
3705 510.874968
3610 485.331220
3647 461.064659
3665 438.011426
3419 416.110854
3553 395.305312
3574 375.540046
3623 356.763044
3559 338.924892
3544 321.978647
3571 305.879715
3404 290.585729
3657 276.056443
3560 262.253620
3456 249.140939
3624 236.683892
3636 224.849698
3613 213.607213
3724 202.926852
3647 192.780510
3509 183.141484
3423 173.984410
3487 165.285189
3576 157.020930
3457 149.169883
3353 141.711389
3508 134.625820
3665 127.894529
3412 121.499802
3529 115.424812
3475 109.653572
3546 104.170893
3410 98.962348
3579 94.014231
3604 89.313519
3332 84.847843
3349 80.605451
3470 76.575179
3480 72.746420
3540 69.109099
3563 65.653644
3370 62.370962
3320 59.252414
3454 56.289793
3391 53.475303
3409 50.801538
3419 48.261461
3363 45.848388
3495 43.555969
3416 41.378170
3234 39.309262
3232 37.343799
3485 35.476609
3411 33.702778
3404 32.017639
3525 30.416757
3189 28.895920
3164 27.451124
3361 26.078567
3244 24.774639
3164 23.535907
3192 22.359112
3275 21.241156
3205 20.179098
3048 19.170143
2966 18.211636
3097 17.301054
2970 16.436002
3159 15.614202
2867 14.833492
2934 14.091817
3036 13.387226
2924 12.717865
2809 12.081972
2890 11.477873
2870 10.903979
2707 10.358780
2632 9.840841
2745 9.348799
2663 8.881359
2663 8.437291
2609 8.015427
2508 7.614655
2474 7.233923
2392 6.872227
2357 6.528615
2393 6.202184
2351 5.892075
2149 5.597471
2287 5.317598
2210 5.051718
2172 4.799132
2144 4.559175
1904 4.331217
1996 4.114656
1947 3.908923
1954 3.713477
1919 3.527803
1859 3.351413
1787 3.183842
1686 3.024650
1687 2.873418
1647 2.729747
1677 2.593259
1635 2.463596
1565 2.340417
1547 2.223396
1492 2.112226
1467 2.006615
1438 1.906284
1297 1.810970
1331 1.720421
1361 1.634400
1271 1.552680
1265 1.475046
1235 1.401294
1212 1.331229
1217 1.264668
1202 1.201434
1183 1.141363
1197 1.084295
1184 1.030080
1166 0.978576
1151 0.929647
1115 0.883165
1117 0.839006
1095 0.797056
1101 0.757203
1083 0.719343
1070 0.683376
1057 0.649207
1056 0.616747
1050 0.585909
1053 0.556614
1044 0.528783
1033 0.502344
1027 0.477227
1020 0.453366
1012 0.430697
1008 0.409162
1006 0.388704
1001 0.369269
996 0.350806
989 0.333265
980 0.316602
979 0.300772
974 0.285733
967 0.271447
962 0.257874
960 0.244981
959 0.232732
958 0.221095
955 0.210040
948 0.199538
947 0.189561
946 0.180083
943 0.171079
938 0.162525
938 0.154399
938 0.146679
937 0.139345
935 0.132378
935 0.125759
934 0.119471
931 0.113497
930 0.107823
929 0.102431
929 0.097310
928 0.092444
926 0.087822
925 0.083431
925 0.079259
925 0.075296
925 0.071532
925 0.067955
922 0.064557
922 0.061329
922 0.058263
921 0.055350
921 0.052582
918 0.049953
917 0.047456
917 0.045083
916 0.042829
916 0.040687
915 0.038653
915 0.036720
915 0.034884
914 0.033140
913 0.031483
913 0.029909
913 0.028413
913 0.026993
913 0.025643
912 0.024361
911 0.023143
911 0.021986
910 0.020886
909 0.019842
908 0.018850
908 0.017908
908 0.017012
908 0.016162
907 0.015353
907 0.014586
906 0.013857
906 0.013164
906 0.012505
905 0.011880
903 0.011286
903 0.010722
903 0.010186
903 0.009677
902 0.009193
902 0.008733
902 0.008296
902 0.007882
901 0.007488
901 0.007113
901 0.006757
901 0.006420
901 0.006099
901 0.005794
901 0.005504
901 0.005229
901 0.004967
901 0.004719
901 0.004483
901 0.004259
901 0.004046
900 0.003844
900 0.003651
900 0.003469
900 0.003295
900 0.003131
900 0.002974
899 0.002825
898 0.002684
897 0.002550
897 0.002422
896 0.002301
896 0.002186
896 0.002077
896 0.001973
896 0.001874
895 0.001781
895 0.001692
895 0.001607
895 0.001527
895 0.001450
895 0.001378
895 0.001309
895 0.001244
895 0.001181
893 0.001122
893 0.001066
892 0.001013
892 0.000962
892 0.000914
892 0.000868
892 0.000825
892 0.000784
892 0.000745
892 0.000707
891 0.000672
891 0.000638
891 0.000606
891 0.000576
891 0.000547
890 0.000520
890 0.000494
890 0.000469
889 0.000446
888 0.000424
888 0.000402
888 0.000382
888 0.000363
888 0.000345
888 0.000328
888 0.000311
887 0.000296
887 0.000281
887 0.000267
887 0.000254
887 0.000241
887 0.000229
887 0.000217
887 0.000207
887 0.000196
886 0.000186
885 0.000177
885 0.000168
884 0.000160
884 0.000152
884 0.000144
883 0.000137
883 0.000130
883 0.000124
883 0.000117
883 0.000112
883 0.000106
883 0.000101
883 0.000096
883 0.000091
