6879 3439500.000000
6877 3439500.000000
7029 3267525.000000
6800 3104148.750000
6933 2948941.312500
6853 2801494.246875
6945 2661419.534531
6862 2528348.557805
6891 2401931.129914
6859 2281834.573419
6979 2167742.844748
6752 2059355.702510
6934 1956387.917385
6961 1858568.521516
6974 1765640.095440
6980 1677358.090668
6792 1593490.186134
7094 1513815.676828
6845 1438124.892986
6720 1366218.648337
6632 1297907.715920
6864 1233012.330124
6850 1171361.713618
6849 1112793.627937
6850 1057153.946540
6998 1004296.249213
6620 954081.436753
6897 906377.364915
6767 861058.496669
6855 818005.571836
6797 777105.293244
6691 738250.028582
6769 701337.527153
6982 666270.650795
6783 632957.118255
7081 601309.262342
6822 571243.799225
6843 542681.609264
6970 515547.528801
7020 489770.152361
6869 465281.644743
6594 442017.562506
6987 419916.684380
6916 398920.850161
7028 378974.807653
6768 360026.067271
7076 342024.763907
7039 324923.525712
6946 308677.349426
6829 293243.481955
6781 278581.307857
6519 264652.242464
6915 251419.630341
7094 238848.648824
6912 226906.216383
6966 215560.905564
6883 204782.860285
6724 194543.717271
7070 184816.531408
7020 175575.704837
6885 166796.919595
6776 158457.073616
6979 150534.219935
6907 143007.508938
7054 135857.133491
6970 129064.276817
6865 122611.062976
6850 116480.509827
6845 110656.484336
6990 105123.660119
6998 99867.477113
6646 94874.103257
6953 90130.398094
6816 85623.878190
6646 81342.684280
7014 77275.550066
6688 73411.772563
6902 69741.183935
6751 66254.124738
6711 62941.418501
6823 59794.347576
7097 56804.630197
7110 53964.398687
6889 51266.178753
6785 48702.869815
6708 46267.726325
6878 43954.340008
7116 41756.623008
6840 39668.791858
6879 37685.352265
6702 35801.084651
6781 34011.030419
6956 32310.478898
7024 30694.954953
7022 29160.207205
6806 27702.196845
6863 26317.087003
6919 25001.232653
6868 23751.171020
6810 22563.612469
7052 21435.431846
6913 20363.660253
7058 19345.477241
6870 18378.203379
7005 17459.293210
7157 16586.328549
6823 15757.012122
6883 14969.161516
6990 14220.703440
6970 13509.668268
7004 12834.184854
7017 12192.475612
7004 11582.851831
6921 11003.709240
6906 10453.523778
7173 9930.847589
6846 9434.305209
6756 8962.589949
7240 8514.460451
6991 8088.737429
6694 7684.300557
7044 7300.085530
7050 6935.081253
7006 6588.327190
7069 6258.910831
6893 5945.965289
6985 5648.667025
6940 5366.233674
6880 5097.921990
6708 4843.025890
6943 4600.874596
6844 4370.830866
6702 4152.289323
6852 3944.674857
7110 3747.441114
6967 3560.069058
7143 3382.065605
7026 3212.962325
6903 3052.314209
6937 2899.698498
6748 2754.713573
6959 2616.977895
7048 2486.129000
6713 2361.822550
6860 2243.731422
6997 2131.544851
6940 2024.967609
6865 1923.719228
6883 1827.533267
6944 1736.156604
6999 1649.348773
6895 1566.881335
7090 1488.537268
6838 1414.110405
7027 1343.404884
7079 1276.234640
7021 1212.422908
6924 1151.801763
6909 1094.211675
7091 1039.501091
6723 987.526036
6712 938.149735
6875 891.242248
6792 846.680135
6670 804.346129
6961 764.128822
7015 725.922381
6908 689.626262
6798 655.144949
6677 622.387701
7016 591.268316
7046 561.704901
6781 533.619656
6677 506.938673
6734 481.591739
6811 457.512152
7071 434.636545
6853 412.904717
6993 392.259481
6848 372.646507
6806 354.014182
6886 336.313473
6886 319.497799
6721 303.522909
6646 288.346764
6843 273.929426
6801 260.232954
6694 247.221307
6841 234.860241
6873 223.117229
6940 211.961368
6854 201.363299
6918 191.295134
6644 181.730378
6750 172.643859
6921 164.011666
6794 155.811083
6896 148.020528
7088 140.619502
7140 133.588527
6903 126.909101
6784 120.563646
6972 114.535463
6778 108.808690
6652 103.368256
6711 98.199843
6811 93.289851
6781 88.625358
6573 84.194090
6511 79.984386
6855 75.985166
6714 72.185908
6849 68.576613
6543 65.147782
6753 61.890393
6751 58.795873
6583 55.856080
6529 53.063276
6804 50.410112
6594 47.889606
6533 45.495126
6710 43.220370
6517 41.059351
6699 39.006384
6487 37.056064
6564 35.203261
6179 33.443098
6538 31.770943
6573 30.182396
6282 28.673276
6460 27.239612
6378 25.877632
6370 24.583750
6004 23.354563
6420 22.186835
6343 21.077493
6198 20.023618
6244 19.022437
6322 18.071315
6040 17.167750
6073 16.309362
6052 15.493894
5921 14.719199
5795 13.983239
5945 13.284077
5710 12.619874
5567 11.988880
5738 11.389436
5638 10.819964
5574 10.278966
5273 9.765018
5388 9.276767
5398 8.812928
5214 8.372282
5052 7.953668
5162 7.555984
5239 7.178185
4999 6.819276
4738 6.478312
4646 6.154397
4500 5.846677
4482 5.554343
4326 5.276626
4344 5.012794
4283 4.762155
4106 4.524047
3936 4.297845
3825 4.082952
3771 3.878805
3563 3.684865
3486 3.500621
3548 3.325590
3398 3.159311
3381 3.001345
3289 2.851278
3303 2.708714
3244 2.573278
3124 2.444614
3035 2.322384
2948 2.206265
2932 2.095951
2842 1.991154
2809 1.891596
2780 1.797016
2758 1.707165
2700 1.621807
2638 1.540717
2591 1.463681
2525 1.390497
2479 1.320972
2440 1.254923
2450 1.192177
2390 1.132568
2402 1.075940
2354 1.022143
2326 0.971036
2334 0.922484
2301 0.876360
2265 0.832542
2243 0.790915
2218 0.751369
2213 0.713801
2206 0.678111
2189 0.644205
2172 0.611995
2162 0.581395
2160 0.552325
2144 0.524709
2136 0.498474
2132 0.473550
2117 0.449872
2107 0.427379
2090 0.406010
2082 0.385709
2064 0.366424
2065 0.348103
2061 0.330698
2058 0.314163
2053 0.298455
2049 0.283532
2040 0.269355
2034 0.255887
2029 0.243093
2027 0.230938
2022 0.219392
2017 0.208422
2012 0.198001
2009 0.188101
2004 0.178696
1999 0.169761
1996 0.161273
1993 0.153209
1993 0.145549
1987 0.138271
1986 0.131358
1983 0.124790
1982 0.118550
1981 0.112623
1978 0.106992
1976 0.101642
1974 0.096560
1974 0.091732
1972 0.087145
1971 0.082788
1971 0.078649
1970 0.074716
1969 0.070981
1969 0.067431
1968 0.064060
1967 0.060857
1965 0.057814
1964 0.054923
1960 0.052177
1958 0.049568
1957 0.047090
1956 0.044735
1956 0.042499
1956 0.040374
1956 0.038355
1955 0.036437
1952 0.034615
1948 0.032885
1947 0.031240
1946 0.029678
1946 0.028194
1946 0.026785
1945 0.025446
1944 0.024173
1944 0.022965
1944 0.021816
1944 0.020726
1943 0.019689
1943 0.018705
1943 0.017770
1943 0.016881
1941 0.016037
1940 0.015235
1939 0.014473
1939 0.013750
1938 0.013062
1938 0.012409
1937 0.011789
1935 0.011199
1935 0.010639
1934 0.010107
1934 0.009602
1933 0.009122
1933 0.008666
1933 0.008232
1932 0.007821
1931 0.007430
1929 0.007058
1929 0.006705
1929 0.006370
1929 0.006052
1929 0.005749
1928 0.005462
1928 0.005189
1926 0.004929
1926 0.004683
1925 0.004449
1925 0.004226
1925 0.004015
1925 0.003814
1923 0.003623
1922 0.003442
1921 0.003270
1921 0.003107
1921 0.002951
1921 0.002804
1921 0.002663
1921 0.002530
1921 0.002404
1921 0.002284
1921 0.002169
1921 0.002061
1920 0.001958
1920 0.001860
1920 0.001767
1919 0.001679
1919 0.001595
1919 0.001515
1919 0.001439
1919 0.001367
1919 0.001299
1919 0.001234
1919 0.001172
1918 0.001114
1918 0.001058
1918 0.001005
1918 0.000955
1918 0.000907
1918 0.000862
1918 0.000819
1917 0.000778
1917 0.000739
1916 0.000702
1916 0.000667
1915 0.000633
1915 0.000602
1915 0.000572
1915 0.000543
1915 0.000516
1915 0.000490
1915 0.000466
1915 0.000442
1915 0.000420
1915 0.000399
1915 0.000379
1915 0.000360
1915 0.000342
1915 0.000325
1914 0.000309
1914 0.000293
1914 0.000279
1913 0.000265
1913 0.000252
1913 0.000239
1912 0.000227
1912 0.000216
1912 0.000205
1912 0.000195
1912 0.000185
1912 0.000176
1912 0.000167
1912 0.000159
1912 0.000151
1912 0.000143
1912 0.000136
1911 0.000129
1911 0.000123
1909 0.000117
1908 0.000111
1908 0.000105
