43277 21638500.000000
44049 21638500.000000
43471 20556575.000000
42675 19528746.250000
43463 18552308.937500
43508 17624693.490625
43864 16743458.816094
44019 15906285.875289
43902 15110971.581525
43478 14355423.002448
43225 13637651.852326
43259 12955769.259710
43159 12307980.796724
43808 11692581.756888
43768 11107952.669044
43382 10552555.035591
44126 10024927.283812
44256 9523680.919621
43282 9047496.873640
43723 8595122.029958
43329 8165365.928460
44490 7757097.632037
43017 7369242.750435
43048 7000780.612914
43979 6650741.582268
43318 6318204.503155
43747 6002294.277997
43615 5702179.564097
43911 5417070.585892
44004 5146217.056598
43408 4888906.203768
43651 4644460.893579
43699 4412237.848900
43453 4191625.956455
43103 3982044.658633
43514 3782942.425701
43194 3593795.304416
43664 3414105.539195
43255 3243400.262235
43432 3081230.249124
43599 2927168.736667
42954 2780810.299834
43229 2641769.784842
43517 2509681.295600
44052 2384197.230820
43882 2264987.369279
43318 2151738.000815
44264 2044151.100774
43827 1941943.545736
43762 1844846.368449
43958 1752604.050026
43449 1664973.847525
43711 1581725.155149
43339 1502638.897391
44248 1427506.952522
43736 1356131.604896
43322 1288325.024651
44071 1223908.773418
42958 1162713.334748
43234 1104577.668010
43608 1049348.784610
43158 996881.345379
44203 947037.278110
43174 899685.414205
42528 854701.143494
43760 811966.086320
44466 771367.782004
43698 732799.392904
44088 696159.423258
42913 661351.452095
43118 628283.879491
43316 596869.685516
43387 567026.201240
42913 538674.891178
42388 511741.146619
42818 486154.089288
43412 461846.384824
43790 438754.065583
43868 416816.362304
42936 395975.544188
44017 376176.766979
43937 357367.928630
44065 339499.532199
43802 322524.555589
43655 306398.327809
43824 291078.411419
43278 276524.490848
44199 262698.266305
42879 249563.352990
43485 237085.185341
43517 225230.926074
42703 213969.379770
43236 203270.910781
42844 193107.365242
43823 183451.996980
43750 174279.397131
44001 165565.427275
42838 157287.155911
43488 149422.798115
43441 141951.658210
43578 134854.075299
43495 128111.371534
42580 121705.802957
43617 115620.512810
43744 109839.487169
43772 104347.512811
43831 99130.137170
43449 94173.630312
43605 89464.948796
43603 84991.701356
44259 80742.116288
43142 76705.010474
43969 72869.759950
43436 69226.271953
44035 65764.958355
43070 62476.710437
44435 59352.874916
43325 56385.231170
43809 53565.969611
42746 50887.671131
43310 48343.287574
43698 45926.123195
43569 43629.817036
43426 41448.326184
43509 39375.909875
42978 37407.114381
43889 35536.758662
43870 33759.920729
43754 32071.924692
42933 30468.328458
43486 28944.912035
43842 27497.666433
43839 26122.783111
43367 24816.643956
43613 23575.811758
43494 22397.021170
43039 21277.170112
43200 20213.311606
43559 19202.646026
43545 18242.513725
43347 17330.388038
43026 16463.868636
43642 15640.675205
43450 14858.641444
43046 14115.709372
42787 13409.923904
42858 12739.427708
43188 12102.456323
43703 11497.333507
43146 10922.466831
43597 10376.343490
44056 9857.526315
43428 9364.650000
43464 8896.417500
43404 8451.596625
43565 8029.016793
44140 7627.565954
43101 7246.187656
43355 6883.878273
43190 6539.684360
44230 6212.700142
43846 5902.065135
43616 5606.961878
43738 5326.613784
43444 5060.283095
42896 4807.268940
43243 4566.905493
44650 4338.560218
43463 4121.632207
44316 3915.550597
42491 3719.773067
43586 3533.784414
44020 3357.095193
43575 3189.240433
42956 3029.778412
42562 2878.289491
43270 2734.375017
43471 2597.656266
42772 2467.773453
43012 2344.384780
43370 2227.165541
43537 2115.807264
43310 2010.016901
43397 1909.516056
43325 1814.040253
44170 1723.338240
43303 1637.171328
43474 1555.312762
43772 1477.547124
42431 1403.669768
43167 1333.486279
43037 1266.811965
43152 1203.471367
43382 1143.297799
43976 1086.132909
43641 1031.826263
43001 980.234950
43135 931.223203
42835 884.662042
43163 840.428940
42792 798.407493
43012 758.487119
43446 720.562763
43616 684.534625
42958 650.307893
42915 617.792499
43033 586.902874
43474 557.557730
43009 529.679844
43465 503.195851
43432 478.036059
42624 454.134256
43647 431.427543
43030 409.856166
43098 389.363358
43293 369.895190
43047 351.400430
42381 333.830409
43389 317.138888
43044 301.281944
42277 286.217847
42695 271.906954
42479 258.311607
42257 245.396026
42672 233.126225
42633 221.469914
42828 210.396418
42326 199.876597
42327 189.882767
42196 180.388629
42694 171.369197
41816 162.800738
42556 154.660701
42122 146.927666
41741 139.581282
41687 132.602218
41928 125.972107
41462 119.673502
40709 113.689827
40955 108.005336
40836 102.605069
42095 97.474815
40429 92.601075
40740 87.971021
41355 83.572470
40294 79.393846
40874 75.424154
40680 71.652946
41091 68.070299
39682 64.666784
40029 61.433445
39629 58.361773
39574 55.443684
39516 52.671500
38843 50.037925
38477 47.536029
38668 45.159227
38519 42.901266
38684 40.756202
38811 38.718392
37554 36.782473
37588 34.943349
36345 33.196182
37597 31.536373
36775 29.959554
36328 28.461576
36681 27.038497
36036 25.686573
35185 24.402244
35223 23.182132
34810 22.023025
34091 20.921874
34015 19.875780
33134 18.881991
32745 17.937892
31525 17.040997
31867 16.188947
31743 15.379500
29784 14.610525
29022 13.879999
29260 13.185999
27571 12.526699
27137 11.900364
26838 11.305346
26468 10.740078
25338 10.203074
24938 9.692921
24554 9.208275
23969 8.747861
23763 8.310468
22795 7.894944
22573 7.500197
21724 7.125187
21431 6.768928
21170 6.430482
20551 6.108958
20120 5.803510
19683 5.513334
19221 5.237667
18676 4.975784
18633 4.726995
18200 4.490645
18028 4.266113
17394 4.052807
17051 3.850167
16867 3.657659
16580 3.474776
16360 3.301037
15842 3.135985
15441 2.979186
15379 2.830226
15194 2.688715
14938 2.554279
14631 2.426565
14507 2.305237
14315 2.189975
14127 2.080477
13802 1.976453
13788 1.877630
13564 1.783749
13465 1.694561
13320 1.609833
13174 1.529341
13055 1.452874
12922 1.380231
12870 1.311219
12770 1.245658
12692 1.183375
12525 1.124206
12471 1.067996
12398 1.014596
12331 0.963867
12229 0.915673
12124 0.869890
12082 0.826395
12004 0.785075
11966 0.745822
11895 0.708530
11837 0.673104
11780 0.639449
11715 0.607476
11663 0.577102
11616 0.548247
11570 0.520835
11522 0.494793
11482 0.470054
11446 0.446551
11421 0.424223
11403 0.403012
11372 0.382862
11347 0.363719
11326 0.345533
11303 0.328256
11272 0.311843
11257 0.296251
11220 0.281438
11197 0.267367
11165 0.253998
11141 0.241298
11111 0.229233
11086 0.217772
11072 0.206883
11057 0.196539
11045 0.186712
11026 0.177376
11007 0.168508
10992 0.160082
10980 0.152078
10961 0.144474
10945 0.137250
10929 0.130388
10922 0.123869
10916 0.117675
10903 0.111791
10886 0.106202
10878 0.100892
10872 0.095847
10859 0.091055
10850 0.086502
10838 0.082177
10831 0.078068
10825 0.074165
10820 0.070456
10813 0.066934
10804 0.063587
10796 0.060408
10794 0.057387
10787 0.054518
10780 0.051792
10780 0.049202
10773 0.046742
10763 0.044405
10759 0.042185
10756 0.040076
10751 0.038072
10743 0.036168
10730 0.034360
10725 0.032642
10721 0.031010
10720 0.029459
10711 0.027986
10704 0.026587
10704 0.025258
10698 0.023995
10694 0.022795
10690 0.021655
10682 0.020573
10680 0.019544
10676 0.018567
10667 0.017638
10663 0.016756
10660 0.015919
10659 0.015123
10652 0.014367
10646 0.013648
10643 0.012966
10639 0.012318
10635 0.011702
10630 0.011117
10628 0.010561
10628 0.010033
10626 0.009531
10624 0.009055
10624 0.008602
10622 0.008172
10622 0.007763
10618 0.007375
10617 0.007006
10616 0.006656
10614 0.006323
10611 0.006007
10608 0.005707
10607 0.005421
10605 0.005150
10604 0.004893
10600 0.004648
10594 0.004416
10591 0.004195
10587 0.003985
10586 0.003786
10580 0.003597
10580 0.003417
10580 0.003246
10577 0.003084
10576 0.002929
10576 0.002783
10575 0.002644
10572 0.002512
10572 0.002386
10569 0.002267
10568 0.002153
10567 0.002046
10567 0.001943
10566 0.001846
10564 0.001754
10561 0.001666
10558 0.001583
10557 0.001504
10556 0.001429
10550 0.001357
10547 0.001289
10545 0.001225
10543 0.001164
10540 0.001105
10538 0.001050
10538 0.000998
10536 0.000948
10534 0.000900
10530 0.000855
10529 0.000813
10528 0.000772
10527 0.000733
10526 0.000697
10525 0.000662
10525 0.000629
10524 0.000597
10520 0.000567
10519 0.000539
10517 0.000512
10514 0.000487
10510 0.000462
10509 0.000439
10506 0.000417
10502 0.000396
10498 0.000376
10497 0.000358
10495 0.000340
10494 0.000323
10494 0.000307
10493 0.000291
10490 0.000277
10489 0.000263
10488 0.000250
10488 0.000237
10488 0.000225
10487 0.000214
10486 0.000203
10482 0.000193
10481 0.000184
10480 0.000174
